list(m=46,Y1998=c( 18,90,10,120,12,14,76,96,10,256,37,23,40,29,36,
55,21,63,15,19,129,47,260,60,10,184,22,45,43,44,10,171,11,
34,22,34,51,63,90,201,10,202,87,25,25,91 ),
Exp98=c(19.334642001146, 105.221991510865, 8.9954123633133, 126.211287025262, 
12.9499400671852, 17.0850039703209, 85.5262771111914, 107.178846922884, 
11.0291918950188, 248.419380066852, 38.5954996425929, 27.0027208298727, 
32.2453350684913, 24.1871410613557, 29.3284980403873, 52.0933278275436, 
23.3496100847714, 69.1791167378613, 15.7011547559647, 17.5779462883105, 
98.0421453601469, 42.1724712080047, 277.747093167242, 49.9402374163248, 
15.0708479385354, 137.177683720537, 13.3400552455942, 38.1425892644401, 
46.222761591486, 49.646669857522, 16.011990994697, 161.116783742905, 
7.49225226944375, 27.1667732892036, 23.2255895652772, 27.0506021696774, 
50.282471254929, 68.9687528187193, 84.0568694371842, 241.020535657027, 
13.3636034454982, 194.239681727817, 84.0882670370562, 23.9367452023769, 
29.1377576211652, 121.126445726),num = c(5, 5, 4, 5, 5, 4, 3, 6, 5, 4, 
3, 4, 5, 6, 7, 5, 4, 4, 4, 6, 
8, 5, 5, 6, 5, 3, 2, 7, 5, 7, 
5, 6, 3, 5, 4, 7, 2, 9, 3, 6, 
5, 4, 6, 7, 5, 4
),adj = c(
33, 30, 24, 23, 4, 
41, 38, 32, 19, 6, 
25, 15, 6, 5, 
39, 37, 30, 23, 1, 
38, 25, 15, 6, 3, 
38, 5, 3, 2, 
27, 25, 15, 
45, 38, 22, 18, 14, 10, 
43, 40, 38, 32, 14, 
22, 18, 15, 8, 
46, 44, 42, 
46, 44, 29, 20, 
35, 31, 29, 28, 16, 
45, 43, 38, 21, 9, 8, 
38, 25, 18, 10, 7, 5, 3, 
35, 31, 28, 21, 13, 
35, 34, 26, 21, 
38, 15, 10, 8, 
41, 33, 24, 2, 
44, 40, 36, 29, 28, 12, 
45, 43, 35, 34, 31, 17, 16, 14, 
45, 34, 26, 10, 8, 
42, 39, 30, 4, 1, 
41, 36, 33, 30, 19, 1, 
27, 15, 7, 5, 3, 
34, 22, 17, 
25, 7, 
43, 40, 31, 29, 20, 16, 13, 
46, 28, 20, 13, 12, 
44, 42, 36, 24, 23, 4, 1, 
43, 28, 21, 16, 13, 
41, 40, 38, 36, 9, 2, 
24, 19, 1, 
45, 26, 22, 21, 17, 
21, 17, 16, 13, 
44, 41, 40, 32, 30, 24, 20, 
39, 4, 
32, 18, 15, 14, 9, 8, 6, 5, 2, 
37, 23, 4, 
43, 36, 32, 28, 20, 9, 
36, 32, 24, 19, 2, 
44, 30, 23, 11, 
40, 31, 28, 21, 14, 9, 
46, 42, 36, 30, 20, 12, 11, 
34, 22, 21, 14, 8, 
44, 29, 12, 11
),sumNumNeigh = 228)